{
    "Global": [
        [
            -1.0,
            0.0,
            0.0
        ],
        [
            0.0,
            0.9996034502983093,
            -0.028158461675047874
        ],
        [
            0.0,
            0.028158461675047874,
            0.9996036291122437
        ]
    ],
    "Root_M": [
        [
            0.0,
            -0.9440534710884094,
            0.3297923803329468
        ],
        [
            0.0,
            0.32979243993759155,
            0.944053590297699
        ],
        [
            1.0,
            0.0,
            0.0
        ]
    ],
    "Hip_R": [
        [
            1.788806304415383e-07,
            -1.0000000354541954,
            1.557308797950005e-07
        ],
        [
            -0.009679692662737797,
            -1.4852774460772517e-07,
            -0.99995335517688
        ],
        [
            -0.9999531060620178,
            -1.7734482645352575e-07,
            0.009679691035794202
        ]
    ],
    "HipPart1_R": [
        [
            2.059030029074769e-08,
            -1.000000035626375,
            2.2266949499701039e-07
        ],
        [
            -0.00967985658178277,
            -2.1368024973825867e-07,
            -0.9999533537765523
        ],
        [
            -0.99995310562179,
            -1.838564136280921e-08,
            0.009679854948730998
        ]
    ],
    "Knee_R": [
        [
            6.702873888710884e-08,
            -1.0000000029425715,
            6.04142637333771e-07
        ],
        [
            -0.008420396034525799,
            -6.375693610560784e-07,
            -0.9999648040403529
        ],
        [
            -0.9999645272247991,
            -6.156616674498142e-08,
            0.008420394079303723
        ]
    ],
    "KneePart1_R": [
        [
            1.2743095718161e-07,
            -1.0000000250995662,
            4.31257934474516e-07
        ],
        [
            -0.008420348020772989,
            -4.6499805356203794e-07,
            -0.9999648266469666
        ],
        [
            -0.9999645274231111,
            -1.233150623315693e-07,
            0.008420346256576595
        ]
    ],
    "Ankle_R": [
        [
            -0.11043319400847319,
            -0.532356684006432,
            -0.8392859006389684
        ],
        [
            -0.0694490630081534,
            0.8465204524280289,
            -0.5278073452520001
        ],
        [
            -0.9914541024757355,
            -1.9443717501343993e-07,
            0.1304555944989088
        ]
    ],
    "Toes_R": [
        [
            -8.532821054660356e-07,
            -1.0000002425296022,
            -4.869774278548622e-07
        ],
        [
            -0.35987578577987556,
            8.511612266948188e-07,
            -0.9330002269920691
        ],
        [
            -0.9330000964156397,
            5.705317632567763e-07,
            0.3598758005545598
        ]
    ],
    "ToesEnd_R": [
        [
            -1.6801742344640935e-07,
            -1.000000183118748,
            1.8438490356764703e-07
        ],
        [
            -0.3598724422809074,
            -1.5207426040664274e-08,
            -0.9330015091253157
        ],
        [
            -0.933001375443221,
            1.6564536940016916e-07,
            0.3598724273980145
        ]
    ],
    "Toes_R_scale": [
        [
            0.6613238494032616,
            -0.7452028419324405,
            -0.08557949744830032
        ],
        [
            0.5877364944998491,
            0.4439035174131807,
            0.6763989177931607
        ],
        [
            0.4660651672613954,
            0.497616410761156,
            -0.7315468086889743
        ]
    ],
    "Heel_R": [
        [
            -5.9802307030010216e-09,
            -1.0000001255193136,
            -1.4603440789962008e-08
        ],
        [
            0.021622719841789647,
            1.4392729896783862e-07,
            0.9997661962096783
        ],
        [
            0.999765842563882,
            -5.12889123532867e-10,
            -0.02162273293496344
        ]
    ],
    "HeelEnd_R": [
        [
            -0.9983223026148945,
            -0.03820580330265449,
            -0.04350137465523254
        ],
        [
            0.010947138174680179,
            -0.8623697045203834,
            0.5061604982776499
        ],
        [
            0.05685250705358151,
            -0.5048353516197492,
            -0.8613413733583395
        ]
    ],
    "Heel_R_scale": [
        [
            0.022423235946731485,
            0.6130138948906417,
            0.7897540868019937
        ],
        [
            0.6068820758602631,
            0.6194097532847017,
            -0.49802271520741126
        ],
        [
            0.7944753434291791,
            -0.4904544254927217,
            0.3581377031198708
        ]
    ],
    "Ankle_R_scale": [
        [
            0.3830214501012183,
            0.8501398408937844,
            0.3613256444055203
        ],
        [
            -0.5385671191048172,
            -0.11227472031331678,
            0.8350690960649763
        ],
        [
            -0.750493172564322,
            0.5144475866327032,
            -0.4148536498347946
        ]
    ],
    "KneePart1_R_scale": [
        [
            0.20519686383439698,
            0.9498803716960209,
            0.23584234995022146
        ],
        [
            -0.32282395051363005,
            -0.16179685868525567,
            0.9325282855554623
        ],
        [
            -0.9239486675170209,
            0.2674865942766878,
            -0.27344235739392764
        ]
    ],
    "Knee_R_scale": [
        [
            0.149699470609978,
            0.9786673783923445,
            0.140713083919354
        ],
        [
            -0.21697305746824827,
            -0.10633146317419198,
            0.9703699266363242
        ],
        [
            -0.964631423096277,
            0.17579449417415804,
            -0.1964258733958206
        ]
    ],
    "HipPart1_R_scale": [
        [
            0.13561465054834845,
            0.9885650948200622,
            -0.0659365932746937
        ],
        [
            -0.12782785376660383,
            0.08345293233210847,
            0.988278894561942
        ],
        [
            -0.9824787653941254,
            0.12559733648228766,
            -0.13768101136227417
        ]
    ],
    "Hip_R_scale": [
        [
            0.10402401524189354,
            0.993079353346499,
            -0.054518559008820376
        ],
        [
            -0.10015188876215604,
            0.06499587960895423,
            0.9928457928359048
        ],
        [
            -0.989515023799998,
            0.09782087201820691,
            -0.10621469977871506
        ]
    ],
    "Hip_L": [
        [
            1.1083407771946948e-07,
            1.0000000363270456,
            -4.838706107665458e-08
        ],
        [
            -0.009679692065944615,
            4.1116047761781405e-08,
            0.9999533558225311
        ],
        [
            -0.9999531063070798,
            1.1000267372272458e-07,
            -0.009679690658915467
        ]
    ],
    "HipPart1_L": [
        [
            -4.745627024244873e-08,
            1.0000000364992216,
            -1.1532568747110034e-07
        ],
        [
            -0.009679855984972688,
            1.0626855301114346e-07,
            0.9999533544222108
        ],
        [
            -0.9999531058668414,
            -4.895651139349104e-08,
            -0.009679854571847796
        ]
    ],
    "Knee_L": [
        [
            1.0532442146628067e-09,
            0.9999999811928403,
            -5.071508563103677e-07
        ],
        [
            -0.008420380212619033,
            5.3955031456554e-07,
            0.9999647823886211
        ],
        [
            -0.999964527595445,
            -3.818949716790504e-09,
            -0.008420378731080664
        ]
    ],
    "KneePart1_L": [
        [
            6.14554658658539e-08,
            1.0000000033498215,
            -3.3426615186904485e-07
        ],
        [
            -0.008420332198873186,
            3.669790076821222e-07,
            0.9999648049952163
        ],
        [
            -0.9999645277937602,
            5.792994178690884e-08,
            -0.008420330908364481
        ]
    ],
    "Ankle_L": [
        [
            -0.11043324207763074,
            0.5323565909772155,
            0.8392858907765072
        ],
        [
            -0.06944903973951368,
            -0.8465204514803087,
            0.527807313974516
        ],
        [
            -0.9914540958930895,
            1.5097462224833436e-07,
            -0.1304556202032436
        ]
    ],
    "Toes_L": [
        [
            -8.078415628734459e-07,
            1.0000003193212097,
            4.3108024688764957e-07
        ],
        [
            -0.35987585419063195,
            -7.879883106298724e-07,
            0.9330000958423331
        ],
        [
            -0.9330000707606343,
            -5.871618979982896e-07,
            -0.3598758349261788
        ]
    ],
    "ToesEnd_L": [
        [
            -1.9505368362149333e-07,
            1.0000002884767931,
            -1.1074528297183583e-07
        ],
        [
            -0.3598724937058769,
            -6.575650207674144e-08,
            0.9330014088331355
        ],
        [
            -0.9330013528966999,
            -2.0731290113762402e-07,
            -0.35987245614261143
        ]
    ],
    "Toes_L_scale": [
        [
            0.6163718169405037,
            0.7841740848533411,
            -0.07181294601890592
        ],
        [
            0.32029089322636234,
            -0.3329710280615529,
            -0.8868730329122132
        ],
        [
            0.7193743281167282,
            -0.5236422973793169,
            0.4563977634314136
        ]
    ],
    "Heel_L": [
        [
            5.279927853957256e-08,
            -0.9999999011641612,
            1.6949905090601902e-08
        ],
        [
            -0.02162263084193905,
            1.5681125514754868e-07,
            0.9997664983507917
        ],
        [
            0.9997658454338363,
            6.413947361769146e-08,
            0.0216226248026024
        ]
    ],
    "HeelEnd_L": [
        [
            -0.9997658429922551,
            -6.259653629464568e-08,
            -0.021622703984654497
        ],
        [
            -0.010947074667633016,
            -0.8623697272066632,
            0.5061606996195366
        ],
        [
            0.018646795122715696,
            -0.5062789540359942,
            -0.8621684229171517
        ]
    ],
    "Heel_L_scale": [
        [
            -0.02241216266235027,
            0.6130108372526589,
            0.7897564284254004
        ],
        [
            -0.6068871140208667,
            0.6194127790485378,
            -0.4980122852034286
        ],
        [
            0.7944717721186134,
            0.4904543420383047,
            -0.35814575631404566
        ]
    ],
    "Ankle_L_scale": [
        [
            0.32615806463862024,
            -0.8309050891990595,
            -0.45079672295789286
        ],
        [
            -0.5235393191605066,
            0.23828897377662211,
            -0.8180008308556838
        ],
        [
            -0.7871007548719624,
            -0.5028072865612608,
            0.35729158019993806
        ]
    ],
    "KneePart1_L_scale": [
        [
            0.18581103814092717,
            -0.9373173467345212,
            -0.2948050216200698
        ],
        [
            -0.31445853018129577,
            0.2275235548303211,
            -0.9215994491703496
        ],
        [
            -0.9309067749202767,
            -0.26394826774173197,
            0.25247296003892716
        ]
    ],
    "Knee_L_scale": [
        [
            0.14057785233671266,
            -0.9730128307244481,
            -0.18298448538825837
        ],
        [
            -0.21360336030384774,
            0.1506587339513631,
            -0.9652289431024083
        ],
        [
            -0.9667491021673935,
            -0.17477793265970143,
            0.18666587879824198
        ]
    ],
    "HipPart1_L_scale": [
        [
            0.13151475578874092,
            -0.9907212304540092,
            0.034295918321824194
        ],
        [
            -0.1279199383284034,
            -0.05126818503401592,
            -0.9904590090235564
        ],
        [
            -0.9830303443477058,
            -0.12587160045783874,
            0.1334781849775664
        ]
    ],
    "Hip_L_scale": [
        [
            0.10151907256181106,
            -0.99439124837791,
            0.02967658175962921
        ],
        [
            -0.10013867171279743,
            -0.03989580259831397,
            -0.9941758300234967
        ],
        [
            -0.9898080810209834,
            -0.09794974751114276,
            0.1036458857255015
        ]
    ],
    "Root_M_scale": [
        [
            2.220446e-16,
            -0.9991841316223145,
            0.040386587381362915
        ],
        [
            2.220446e-16,
            0.0403866171836853,
            0.999184250831604
        ],
        [
            1.0,
            2.1289581057451964e-16,
            -2.3083109094266294e-16
        ]
    ],
    "Spine1_M": [
        [
            2.1316282072803006e-14,
            -0.9999999403953552,
            -2.384185791015625e-07
        ],
        [
            -8.742277657347586e-08,
            -2.086162567138672e-07,
            1.0000001192092896
        ],
        [
            1.0,
            0.0,
            8.74227694680485e-08
        ]
    ],
    "Spine1_M_scale": [
        [
            9.17157105966558e-16,
            -0.9993926882743835,
            0.03484420105814934
        ],
        [
            7.327471957601003e-15,
            0.03484423831105232,
            0.9993928670883179
        ],
        [
            1.0,
            -7.871830172303411e-18,
            -7.335074113702757e-15
        ]
    ],
    "Spine1Part1_M": [
        [
            2.293991717774741e-14,
            -0.9999999403953552,
            -2.5699077355056943e-07
        ],
        [
            -8.742279078433057e-08,
            -2.2718846537372883e-07,
            1.0000001192092896
        ],
        [
            1.0,
            -1.7999450129153882e-21,
            8.742278367890322e-08
        ]
    ],
    "Spine1Part1_M_scale": [
        [
            1.361241233618937e-15,
            -0.999466061592102,
            0.03267306461930275
        ],
        [
            2.1538326672803005e-14,
            0.032673101872205734,
            0.9994661808013916
        ],
        [
            1.0,
            2.146711560238205e-16,
            -2.1545463018696745e-14
        ]
    ],
    "Chest_M": [
        [
            5.802146889571751e-15,
            -0.9831347465515137,
            -0.18288232386112213
        ],
        [
            -2.842170943040401e-14,
            -0.18288232386112213,
            0.983134925365448
        ],
        [
            1.0,
            0.0,
            2.842170943040401e-14
        ]
    ],
    "Scapula_L": [
        [
            0.6036688685522474,
            0.7972351312425949,
            -8.833408355336851e-05
        ],
        [
            -0.7972353100776672,
            0.6036688685417175,
            -0.00017750263214123574
        ],
        [
            8.833154069450922e-05,
            -0.00017731818733209326,
            -0.9999998808012407
        ]
    ],
    "Shoulder_L": [
        [
            1.5569299460188417e-06,
            0.9999999447416988,
            1.2240060467276536e-06
        ],
        [
            -0.735767200689562,
            1.7711634522758236e-07,
            0.6772343063259022
        ],
        [
            -0.6772342976112303,
            1.961323053713084e-06,
            -0.735767014857841
        ]
    ],
    "ShoulderPart1_L": [
        [
            2.2440421895022046e-06,
            0.9999999443099622,
            2.0847987644611113e-06
        ],
        [
            -0.735766547027349,
            9.025566663804167e-08,
            0.6772350300311684
        ],
        [
            -0.6772350149548934,
            3.0189990769466244e-06,
            -0.7357663431087144
        ]
    ],
    "Elbow_L": [
        [
            8.532728652810295e-07,
            0.999999970808805,
            -2.2706902910729632e-07
        ],
        [
            -0.7265996348912251,
            5.706643688707658e-07,
            0.6870610677020215
        ],
        [
            -0.687060987875882,
            4.387498742618179e-07,
            -0.7265993640694223
        ]
    ],
    "ElbowPart1_L": [
        [
            1.5910473178809559e-06,
            0.9999999168215827,
            -7.00014074067612e-08
        ],
        [
            -0.7265991126928584,
            9.961383841128324e-07,
            0.6870615947029127
        ],
        [
            -0.6870615186057039,
            1.070178434682545e-06,
            -0.7265988280189654
        ]
    ],
    "Wrist_L": [
        [
            -0.01968118218370729,
            0.9912188973284033,
            0.1307580861820799
        ],
        [
            -0.6519393530378844,
            -0.111878438515989,
            0.7499721591930584
        ],
        [
            -0.7580155683072595,
            0.07048591630972995,
            -0.648416348718163
        ]
    ],
    "MiddleFinger1_L": [
        [
            -1.059091881526475e-05,
            1.000000027588586,
            5.855767657964028e-06
        ],
        [
            -0.4464525503047189,
            -9.964345931590124e-06,
            0.8948073497405241
        ],
        [
            -0.8948071311249745,
            -6.80305288569983e-06,
            -0.44645227802393694
        ]
    ],
    "MiddleFinger2_L": [
        [
            7.467751759492047e-06,
            1.0000001842292554,
            -1.9279581605968765e-05
        ],
        [
            -0.3293350296847667,
            2.0590630444544678e-05,
            0.9442131888491054
        ],
        [
            -0.9442128367531053,
            4.182620446553653e-07,
            -0.3293348779949199
        ]
    ],
    "MiddleFinger3_L": [
        [
            8.46163381278825e-06,
            1.0000001030021544,
            -1.9194565202662606e-05
        ],
        [
            -0.1493838293877469,
            2.0205490519425995e-05,
            0.9887792189781417
        ],
        [
            -0.9887790768204548,
            5.184802682448378e-06,
            -0.14938370433877002
        ]
    ],
    "MiddleFinger4_L": [
        [
            -1.0648745456670605e-06,
            1.000000112451476,
            -8.333611829225429e-07
        ],
        [
            -0.14938942551289897,
            6.418788364437322e-07,
            0.9887783819192728
        ],
        [
            -0.9887782545430793,
            -1.4717975231320207e-06,
            -0.1493893042563012
        ]
    ],
    "MiddleFinger3_L_scale": [
        [
            0.6958448083940618,
            -0.646970022555033,
            -0.31181600286859557
        ],
        [
            -0.43433175814244684,
            -0.03331026222761522,
            -0.9001367571841745
        ],
        [
            -0.5719751986663641,
            -0.7617868505973937,
            0.3041784843924131
        ]
    ],
    "MiddleFinger2_L_scale": [
        [
            0.7728355910859663,
            -0.5432190682632763,
            -0.3280827954191311
        ],
        [
            -0.41395890624745263,
            -0.03967761510061541,
            -0.9094303904146649
        ],
        [
            -0.48100246742508823,
            -0.8386523616219969,
            0.25553465438440615
        ]
    ],
    "MiddleFinger1_L_scale": [
        [
            0.808326718201437,
            -0.4880683726052523,
            -0.3292370473725696
        ],
        [
            -0.39374760791315144,
            -0.0324223437611138,
            -0.9186466685403748
        ],
        [
            -0.43768771581222193,
            -0.872202758777538,
            0.21838341056254787
        ]
    ],
    "ThumbFinger1_L": [
        [
            6.176869830315512e-06,
            0.9999998923032087,
            2.937906990019279e-06
        ],
        [
            0.9661923813117811,
            -6.585951045051663e-06,
            0.25782127404179045
        ],
        [
            -0.25782128478422006,
            -1.4093643288526359e-06,
            0.9661924411221064
        ]
    ],
    "ThumbFinger2_L": [
        [
            9.658115848382165e-06,
            0.9999998899539018,
            4.554792017885667e-06
        ],
        [
            0.9661944506818048,
            -1.0364080729068081e-05,
            0.25781355846221254
        ],
        [
            -0.25781354709511106,
            -2.048964995837732e-06,
            0.9661944910985356
        ]
    ],
    "ThumbFinger3_L": [
        [
            1.0249452242899748e-05,
            0.9999998874786176,
            5.430237567494167e-06
        ],
        [
            0.966194784146629,
            -1.1135673198353624e-05,
            0.25781232294876627
        ],
        [
            -0.2578123251643728,
            -2.7457804323005597e-06,
            0.9661948261918778
        ]
    ],
    "ThumbFinger4_L": [
        [
            -1.0735868317957031e-06,
            0.999999881513947,
            4.904825329776763e-07
        ],
        [
            0.9661886013116444,
            1.0595498853432916e-06,
            0.2578355229244182
        ],
        [
            -0.2578355121107688,
            -8.738865028279363e-07,
            0.9661886176291584
        ]
    ],
    "ThumbFinger3_L_scale": [
        [
            0.8729306497466569,
            -0.44497981984694746,
            0.1999623125250543
        ],
        [
            0.4833991976059487,
            0.8441822186245649,
            -0.2316930090065148
        ],
        [
            0.06570580051662872,
            -0.29891351390341797,
            -0.9520153253966154
        ]
    ],
    "ThumbFinger2_L_scale": [
        [
            0.8557409781859961,
            -0.4703025355477676,
            0.21569020640546976
        ],
        [
            0.5114643782034182,
            0.83189404609722,
            -0.21530396875757285
        ],
        [
            0.07817331681864997,
            -0.2945622799797213,
            -0.9524292071267019
        ]
    ],
    "ThumbFinger1_L_scale": [
        [
            0.821704266985875,
            -0.5161688223706846,
            0.24160254758246885
        ],
        [
            0.5609612769742505,
            0.8073689666538206,
            -0.18296778787999174
        ],
        [
            0.10062004517049289,
            -0.2858750766795549,
            -0.9529694578035817
        ]
    ],
    "IndexFinger1_L": [
        [
            2.4972505932863154e-06,
            1.000000116183615,
            1.0741287842203073e-05
        ],
        [
            -0.3287204017795735,
            -9.388311395658322e-06,
            0.9444272267039192
        ],
        [
            -0.9444270775545796,
            5.6356377570107585e-06,
            -0.32872021504039284
        ]
    ],
    "IndexFinger2_L": [
        [
            6.536939003529141e-06,
            1.000000201475254,
            9.123561866553054e-06
        ],
        [
            -0.2174813786909433,
            -7.514573886535647e-06,
            0.9760643428179957
        ],
        [
            -0.9760642663510232,
            7.977061387796913e-06,
            -0.2174812020781925
        ]
    ],
    "IndexFinger3_L": [
        [
            -9.790294106526432e-06,
            1.0000000414437338,
            1.5431000806587214e-05
        ],
        [
            0.02855441099961073,
            -1.5147036086848864e-05,
            0.9995921901258353
        ],
        [
            -0.9995920201482461,
            -1.0477830736169147e-05,
            0.02855457835680253
        ]
    ],
    "IndexFinger4_L": [
        [
            -2.722249575343172e-07,
            1.000000073124183,
            5.751657762287365e-07
        ],
        [
            0.028563093894533764,
            -5.931009151027844e-07,
            0.9995919606446206
        ],
        [
            -0.9995917585748134,
            -4.943191814210657e-07,
            0.028563279013248677
        ]
    ],
    "IndexFinger3_L_scale": [
        [
            0.755015413663148,
            -0.6443619116087234,
            -0.1214462499743939
        ],
        [
            -0.21628098955209996,
            -0.0698797528886885,
            -0.9738271377000094
        ],
        [
            -0.619010635129192,
            -0.7615207340480441,
            0.19212340279671783
        ]
    ],
    "IndexFinger2_L_scale": [
        [
            0.8140074240157351,
            -0.5496781229910913,
            -0.18774269476748046
        ],
        [
            -0.2651185082811021,
            -0.0640064340920572,
            -0.9620889891706146
        ],
        [
            -0.516822303127698,
            -0.8329210954624288,
            0.19783129497127103
        ]
    ],
    "IndexFinger1_L_scale": [
        [
            0.8347607813285267,
            -0.5091841232987279,
            -0.20953778264775524
        ],
        [
            -0.2663801302743885,
            -0.04040647494009775,
            -0.9630207034959364
        ],
        [
            -0.48188828527621475,
            -0.8597081743898887,
            0.16936612580592791
        ]
    ],
    "Cup_L": [
        [
            0.03093520333655692,
            0.9994121243543752,
            0.014779391421089253
        ],
        [
            -0.6839632347475757,
            0.010383816183029405,
            0.7294423945321491
        ],
        [
            -0.7288601982811462,
            0.032673991463019136,
            -0.6838823443903173
        ]
    ],
    "PinkyFinger1_L": [
        [
            -1.0802519820714979e-05,
            1.000000179677702,
            -2.3014805970167362e-06
        ],
        [
            -0.5224649600979442,
            -3.7772409091640924e-06,
            0.8526607022046343
        ],
        [
            -0.852660606696449,
            -1.051519180815877e-05,
            -0.5224648387435066
        ]
    ],
    "PinkyFinger2_L": [
        [
            6.0515402292376196e-06,
            1.0000000237645077,
            3.858015942099884e-06
        ],
        [
            -0.48056916356744733,
            -5.187892353451795e-07,
            0.876956831938905
        ],
        [
            -0.8769568297875816,
            6.918293632624797e-06,
            -0.4805690405804825
        ]
    ],
    "PinkyFinger3_L": [
        [
            4.826677710637051e-07,
            0.9999999929400224,
            -1.2578778524549583e-05
        ],
        [
            -0.2687521374981296,
            1.2170912781980792e-05,
            0.9632094084603803
        ],
        [
            -0.9632093679407205,
            -3.1410776995914602e-06,
            -0.2687520568356232
        ]
    ],
    "PinkyFinger4_L": [
        [
            -1.5590161762599197e-06,
            0.9999999850860513,
            3.001409176472958e-07
        ],
        [
            -0.26875256461491354,
            -7.809969205657685e-07,
            0.9632092799061321
        ],
        [
            -0.9632092676716241,
            -1.657450457472065e-06,
            -0.26875247882120135
        ]
    ],
    "PinkyFinger3_L_scale": [
        [
            0.5837525235286055,
            -0.7486343266499393,
            -0.31429301034551016
        ],
        [
            -0.5892115312481826,
            -0.12427000882565684,
            -0.7983652297169381
        ],
        [
            -0.5586266077290106,
            -0.6512325092097858,
            0.5136466623855578
        ]
    ],
    "PinkyFinger2_L_scale": [
        [
            0.6634245004834216,
            -0.5827396527843008,
            -0.4693430716487412
        ],
        [
            -0.6104075643595435,
            -0.05872492176862682,
            -0.7899077736936703
        ],
        [
            -0.4327483983313639,
            -0.8105344446953027,
            0.39466807428303774
        ]
    ],
    "PinkyFinger1_L_scale": [
        [
            0.6651218172018376,
            -0.5588368836104048,
            -0.49529238908597273
        ],
        [
            -0.6133806440893119,
            -0.030582213770563478,
            -0.7891950352868946
        ],
        [
            -0.425884093184742,
            -0.8287133775825739,
            0.36312059619599657
        ]
    ],
    "RingFinger1_L": [
        [
            -2.4995811757563824e-06,
            1.0000000302341807,
            -1.4832049722440788e-06
        ],
        [
            -0.442493072572101,
            1.418161809513263e-07,
            0.8967718609624739
        ],
        [
            -0.8967717388005173,
            -3.1667393035222403e-06,
            -0.44249307891048795
        ]
    ],
    "RingFinger2_L": [
        [
            8.85686335389338e-06,
            1.0000000598793284,
            2.1812210293098433e-06
        ],
        [
            -0.3542163278673357,
            9.946108032038437e-07,
            0.9351636609279556
        ],
        [
            -0.9351635086413574,
            8.674002674943348e-06,
            -0.35421628250541115
        ]
    ],
    "RingFinger3_L": [
        [
            -8.318047081831703e-06,
            0.9999999871967434,
            -1.3609423976573831e-05
        ],
        [
            -0.24169691098719354,
            1.111565536927872e-05,
            0.9703518591574538
        ],
        [
            -0.9703520738126485,
            -1.163846511646944e-05,
            -0.24169695302729602
        ]
    ],
    "RingFinger4_L": [
        [
            3.407250450011834e-07,
            0.9999999559773997,
            9.117252404433618e-08
        ],
        [
            -0.24168419830149426,
            -9.477323092976775e-08,
            0.970355041930988
        ],
        [
            -0.9703552677398022,
            6.677110958521089e-08,
            -0.24168424133379762
        ]
    ],
    "RingFinger3_L_scale": [
        [
            0.6658190530548976,
            -0.6637280605737828,
            -0.3408078048602209
        ],
        [
            -0.5052862402143441,
            -0.06503371200734516,
            -0.8604979127177432
        ],
        [
            -0.5489729684458373,
            -0.7451412873977572,
            0.378673506334216
        ]
    ],
    "RingFinger2_L_scale": [
        [
            0.6975014129544178,
            -0.5957098218011131,
            -0.398272979361614
        ],
        [
            -0.5167719785711659,
            -0.033126701343580624,
            -0.8554819852634021
        ],
        [
            -0.49642583244669736,
            -0.8025158904854296,
            0.3309522887363339
        ]
    ],
    "RingFinger1_L_scale": [
        [
            0.7311615276399421,
            -0.5568544070145405,
            -0.39410182176419645
        ],
        [
            -0.4946637508824979,
            -0.0349241834998502,
            -0.8683826105084967
        ],
        [
            -0.46979876380412855,
            -0.829875481571397,
            0.30099099234345633
        ]
    ],
    "Cup_L_scale": [
        [
            0.863715664588935,
            -0.22988579787197114,
            -0.4484953531197124
        ],
        [
            -0.44404530678854576,
            0.07377711211921527,
            -0.892961613125812
        ],
        [
            -0.23836795445587927,
            -0.9704170264455131,
            0.03835707793023308
        ]
    ],
    "Wrist_L_scale": [
        [
            0.9514298644732817,
            -0.26116137860908945,
            -0.16302088628220102
        ],
        [
            -0.17603840015490763,
            -0.027086088321612335,
            -0.9840105071948599
        ],
        [
            -0.25257019897313154,
            -0.9649146687609829,
            0.07174491714050506
        ]
    ],
    "ElbowPart1_L_scale": [
        [
            0.9285787282250971,
            -0.3077482912259466,
            -0.20744272487628007
        ],
        [
            -0.19351030655449805,
            0.07548193629730762,
            -0.9781903917770076
        ],
        [
            -0.31669433555397525,
            -0.9484689864337422,
            -0.010538470928793814
        ]
    ],
    "Elbow_L_scale": [
        [
            0.9107317026966291,
            -0.3946714741080964,
            -0.12166469549959608
        ],
        [
            -0.10096215632813452,
            0.07289220266403107,
            -0.9922163202392761
        ],
        [
            -0.4004677158026498,
            -0.9159261804554343,
            -0.02653840849653527
        ]
    ],
    "ShoulderPart1_L_scale": [
        [
            0.8672770300122218,
            -0.4586103862837038,
            -0.1936671686235316
        ],
        [
            -0.15078154350967468,
            0.12876446457101318,
            -0.9801450291698269
        ],
        [
            -0.47444211023441574,
            -0.8792586878798874,
            -0.042524616424259004
        ]
    ],
    "Shoulder_L_scale": [
        [
            0.8403258246454073,
            -0.5281622622400702,
            -0.122052218677062
        ],
        [
            -0.06648162523988205,
            0.12304256575302708,
            -0.9901717734839567
        ],
        [
            -0.5379891761171549,
            -0.8401811732940823,
            -0.06828289458684839
        ]
    ],
    "Scapula_L_scale": [
        [
            0.9982494165498661,
            0.0419847668295689,
            -0.04165756058806326
        ],
        [
            -0.04197729751467727,
            0.006758791860193016,
            -0.9990957975387573
        ],
        [
            0.041665535211503985,
            -0.9990952560919797,
            -0.008509509574778598
        ]
    ],
    "Chest_M_scale": [
        [
            8.26363220833896e-16,
            -0.999526858329773,
            0.030756235122680664
        ],
        [
            -2.57282874521736e-16,
            0.030756279826164246,
            0.9995270371437073
        ],
        [
            1.0,
            2.151102755956024e-16,
            -2.2877561334065923e-16
        ]
    ],
    "Scapula_R": [
        [
            0.6036688685522303,
            -0.7972351312425723,
            8.833408355336602e-05
        ],
        [
            -0.7972353100776672,
            -0.6036688685417175,
            0.00017750263214111328
        ],
        [
            8.818761480790776e-05,
            0.00017750826301588104,
            0.9999998807801802
        ]
    ],
    "Shoulder_R": [
        [
            1.4821738734772721e-06,
            -0.9999998212414483,
            -1.1249380859711241e-06
        ],
        [
            -0.7357674267391305,
            -1.898480398469446e-07,
            -0.677234504190918
        ],
        [
            -0.6772344106333612,
            -1.804525362859971e-06,
            0.7357671260972128
        ]
    ],
    "ShoulderPart1_R": [
        [
            2.1692859356252196e-06,
            -0.9999998208098434,
            -1.985730771638869e-06
        ],
        [
            -0.7357667730767179,
            -1.0298734310482376e-07,
            -0.6772352278964175
        ],
        [
            -0.6772351279772405,
            -2.8622015529962852e-06,
            0.7357664543481091
        ]
    ],
    "Elbow_R": [
        [
            8.109300022596244e-07,
            -0.9999998468891231,
            3.5328791198052656e-07
        ],
        [
            -0.7265997953792406,
            -5.635291845385026e-07,
            -0.6870611825333374
        ],
        [
            -0.6870610852950809,
            -2.819284212109835e-07,
            0.7265994899373527
        ]
    ],
    "ElbowPart1_R": [
        [
            1.548704270090684e-06,
            -0.99999979290196,
            1.962202744870689e-07
        ],
        [
            -0.7265992731807911,
            -9.89003300255753e-07,
            -0.687061709534345
        ],
        [
            -0.6870616160251107,
            -9.133570834287535e-07,
            0.7265989538868438
        ]
    ],
    "Wrist_R": [
        [
            -0.01968114966800602,
            -0.9912188520382661,
            -0.1307579444435945
        ],
        [
            -0.6519394792951734,
            0.11187847458729172,
            -0.7499722748925944
        ],
        [
            -0.7580155771087053,
            -0.07048585555784814,
            0.6484164600960636
        ]
    ],
    "MiddleFinger1_R": [
        [
            -9.919159526361465e-06,
            -0.9999998980837953,
            -4.4910093772165816e-06
        ],
        [
            -0.4464525897016026,
            8.594867998867883e-06,
            -0.8948075306197957
        ],
        [
            -0.8948072475472871,
            6.844482136341909e-06,
            0.4464522150786261
        ]
    ],
    "MiddleFinger2_R": [
        [
            1.0421833095061728e-05,
            -0.9999999006387886,
            2.1522638883914036e-05
        ],
        [
            -0.3293328843843539,
            -2.360767695680499e-05,
            -0.9442140257444385
        ],
        [
            -0.9442138143364417,
            -2.5956302217439164e-06,
            0.3293326151735652
        ]
    ],
    "MiddleFinger3_R": [
        [
            8.949193099072605e-06,
            -0.9999997980266668,
            2.1676162091310847e-05
        ],
        [
            -0.14938388628589463,
            -2.255914436974371e-05,
            -0.9887794454375533
        ],
        [
            -0.9887792128482709,
            -5.4664809279146576e-06,
            0.14938362898187346
        ]
    ],
    "MiddleFinger4_R": [
        [
            -1.2294357064138173e-06,
            -0.9999998222689144,
            9.318318364148759e-07
        ],
        [
            -0.1493895204374401,
            -5.297049414376698e-07,
            -0.9887786017846303
        ],
        [
            -0.9887783680691189,
            1.4943695503828042e-06,
            0.149389269789884
        ]
    ],
    "MiddleFinger3_R_scale": [
        [
            0.7024594001131153,
            0.6464108491849768,
            0.2978299402195268
        ],
        [
            -0.430901975710619,
            0.05321301636642043,
            0.9008284497433259
        ],
        [
            -0.5664573301162624,
            0.7611310075932314,
            -0.3159197076035071
        ]
    ],
    "MiddleFinger2_R_scale": [
        [
            0.7782880511449695,
            0.5426937772816969,
            0.3158344274884076
        ],
        [
            -0.4105671878945623,
            0.05926084566726092,
            0.9099027540624138
        ],
        [
            -0.47508205159665023,
            0.8378373719860056,
            -0.26893403323202114
        ]
    ],
    "MiddleFinger1_R_scale": [
        [
            0.8129274261140318,
            0.4876737457534188,
            0.31831226407431623
        ],
        [
            -0.39081027995016737,
            0.05159984207153334,
            0.9190240253248799
        ],
        [
            -0.431759077037891,
            0.8714993046040249,
            -0.2325346600284604
        ]
    ],
