{
  "Global": [
    [
      1.0,
      0.0,
      -0.0,
      0.0
    ],
    [
      -0.0,
      -0.028158538043498993,
      -0.9996034502983093,
      0.0
    ],
    [
      0.0,
      0.9996034502983093,
      -0.02815854549407959,
      0.0
    ],
    [
      0.0,
      0.0,
      0.0,
      1.0
    ]
  ],
  "Root_M": [
    [
      1.0,
      0.0,
      0.0,
      0.0
    ],
    [
      0.0,
      -0.32979243993759155,
      -0.9440534710884094,
      0.0
    ],
    [
      0.0,
      0.9440534710884094,
      -0.32979243993759155,
      0.0
    ],
    [
      0.0,
      0.0,
      0.0,
      1.0
    ]
  ],
  "Hip_R": [
    [
      0.9999873638153076,
      -0.003547410946339369,
      -0.0035683903843164444,
      0.0
    ],
    [
      0.003547428175806999,
      -0.005902588367462158,
      0.9999757409095764,
      0.0
    ],
    [
      -0.0035683871246874332,
      -0.9999763369560242,
      -0.0058901309967041016,
      0.0
    ],
    [
      0.0,
      0.0,
      0.0,
      1.0
    ]
  ],
  "HipPart1_R": [
    [
      0.9999873638153076,
      -0.0035475704353302717,
      -0.0035685482434928417,
      0.0
    ],
    [
      0.003547585103660822,
      -0.005902557633817196,
      0.9999757409095764,
      0.0
    ],
    [
      -0.0035685475450009108,
      -0.9999763369560242,
      -0.005890099331736565,
      0.0
    ],
    [
      0.0,
      0.0,
      0.0,
      1.0
    ]
  ],
  "Knee_R": [
    [
      0.9999964833259583,
      -0.002084046136587858,
      -0.001668349141255021,
      0.0
    ],
    [
      0.0020840615034103394,
      0.21887408196926117,
      0.9757503271102905,
      0.0
    ],
    [
      -0.001668348559178412,
      -0.9757508635520935,
      0.21887759864330292,
      0.0
    ],
    [
      0.0,
      0.0,
      0.0,
      1.0
    ]
  ],
  "KneePart1_R": [
    [
      0.9999964833259583,
      -0.0020839853677898645,
      -0.0016683017602190375,
      0.0
    ],
    [
      0.0020840016659349203,
      0.21887396275997162,
      0.9757503271102905,
      0.0
    ],
    [
      -0.0016683000139892101,
      -0.9757508635520935,
      0.21887747943401337,
      0.0
    ],
    [
      0.0,
      0.0,
      0.0,
      1.0
    ]
  ],
  "Ankle_R": [
    [
      0.9933694005012512,
      -0.03196339309215546,
      -0.11043328046798706,
      0.0
    ],
    [
      0.03196341544389725,
      -0.8459162712097168,
      0.5323559045791626,
      0.0
    ],
    [
      -0.11043326556682587,
      -0.5323561429977417,
      -0.839286208152771,
      0.0
    ],
    [
      0.0,
      0.0,
      0.0,
      1.0
    ]
  ],
  "Toes_R": [
    [
      0.9317102432250977,
      -0.04312121495604515,
      -0.3606336712837219,
      0.0
    ],
    [
      0.043121278285980225,
      -0.9727706909179688,
      0.22772017121315002,
      0.0
    ],
    [
      -0.36063361167907715,
      -0.2277202606201172,
      -0.9044814705848694,
      0.0
    ],
    [
      0.0,
      0.0,
      0.0,
      1.0
    ]
  ],
  "ToesEnd_R": [
    [
      0.9317115545272827,
      -0.04312087222933769,
      -0.36063021421432495,
      0.0
    ],
    [
      0.043121062219142914,
      -0.9727705121040344,
      0.22772100567817688,
      0.0
    ],
    [
      -0.3606301546096802,
      -0.22772110998630524,
      -0.9044826626777649,
      0.0
    ],
    [
      0.0,
      0.0,
      0.0,
      1.0
    ]
  ],
  "Toes_R_scale": [
    [
      -0.43642666935920715,
      -0.5287662148475647,
      0.7279685139656067,
      0.0
    ],
    [
      0.5287653803825378,
      -0.8053542971611023,
      -0.26797422766685486,
      0.0
    ],
    [
      0.7279685735702515,
      0.2679736614227295,
      0.6310717463493347,
      0.0
    ],
    [
      0.0,
      0.0,
      0.0,
      1.0
    ]
  ],
  "Heel_R": [
    [
      0.9997572898864746,
      0.019116409122943878,
      0.01094713993370533,
      0.0
    ],
    [
      -0.01911642774939537,
      0.5059177279472351,
      0.8623692393302917,
      0.0
    ],
    [
      0.010947085916996002,
      -0.86236971616745,
      0.5061606168746948,
      0.0
    ],
    [
      0.0,
      0.0,
      0.0,
      1.0
    ]
  ],
  "HeelEnd_R": [
    [
      0.9997572898864746,
      0.01911640726029873,
      0.010947074741125107,
      0.0
    ],
    [
      -0.019116371870040894,
      0.5059177875518799,
      0.8623692393302917,
      0.0
    ],
    [
      0.010947117581963539,
      -0.86236971616745,
      0.5061606764793396,
      0.0
    ],
    [
      0.0,
      0.0,
      0.0,
      1.0
    ]
  ],
  "Heel_R_scale": [
    [
      0.8132370710372925,
      -0.4816540777683258,
      0.32658037543296814,
      0.0
    ],
    [
      0.4816540777683258,
      0.2421674132347107,
      -0.8422368764877319,
      0.0
    ],
    [
      0.3265798091888428,
      0.8422375917434692,
      0.42893046140670776,
      0.0
    ],
    [
      0.0,
      0.0,
      0.0,
      1.0
    ]
  ],
  "Ankle_R_scale": [
    [
      0.7702953219413757,
      -0.5098408460617065,
      0.38302406668663025,
      0.0
    ],
    [
      0.5098415613174438,
      0.13161888718605042,
      -0.8501393795013428,
      0.0
    ],
    [
      0.3830227851867676,
      0.8501404523849487,
      0.361323744058609,
      0.0
    ],
    [
      0.0,
      0.0,
      0.0,
      1.0
    ]
  ],
  "KneePart1_R_scale": [
    [
      0.9265328645706177,
      -0.2644070088863373,
      0.2676277160644531,
      0.0
    ],
    [
      0.2644060254096985,
      -0.04839335381984711,
      -0.9631950259208679,
      0.0
    ],
    [
      0.26762646436691284,
      0.9631959795951843,
      0.025073543190956116,
      0.0
    ],
    [
      0.0,
      0.0,
      0.0,
      1.0
    ]
  ],
  "Knee_R_scale": [
    [
      0.966386616230011,
      -0.173032745718956,
      0.1901690810918808,
      0.0
    ],
    [
      0.17304039001464844,
      -0.10937485843896866,
      -0.978825569152832,
      0.0
    ],
    [
      0.1901710480451584,
      0.9788244962692261,
      -0.0757584273815155,
      0.0
    ],
    [
      0.0,
      0.0,
      0.0,
      1.0
    ]
  ],
  "HipPart1_R_scale": [
    [
      0.9837144017219543,
      -0.12259753793478012,
      0.13140495121479034,
      0.0
    ],
    [
      0.12260175496339798,
      -0.07684502005577087,
      -0.9894747734069824,
      0.0
    ],
    [
      0.13140441477298737,
      0.9894769191741943,
      -0.06056395545601845,
      0.0
    ],
    [
      0.0,
      0.0,
      0.0,
      1.0
    ]
  ],
  "Hip_R_scale": [
    [
      0.9904705882072449,
      -0.09469261020421982,
      0.09995418787002563,
      0.0
    ],
    [
      0.09469809383153915,
      -0.058531686663627625,
      -0.9937817454338074,
      0.0
    ],
    [
      0.09995369613170624,
      0.9937844276428223,
      -0.04900774732232094,
      0.0
    ],
    [
      0.0,
      0.0,
      0.0,
      1.0
    ]
  ],
  "Hip_L": [
    [
      0.9999873638153076,
      0.003547410946339369,
      0.0035683903843164444,
      0.0
    ],
    [
      -0.003547428175806999,
      -0.005902588367462158,
      0.9999757409095764,
      0.0
    ],
    [
      0.0035683871246874332,
      -0.9999763369560242,
      -0.0058901309967041016,
      0.0
    ],
    [
      0.0,
      0.0,
      0.0,
      1.0
    ]
  ],
  "HipPart1_L": [
    [
      0.9999873638153076,
      0.0035475704353302717,
      0.0035685482434928417,
      0.0
    ],
    [
      -0.003547585103660822,
      -0.005902557633817196,
      0.9999757409095764,
      0.0
    ],
    [
      0.0035685475450009108,
      -0.9999763369560242,
      -0.005890099331736565,
      0.0
    ],
    [
      0.0,
      0.0,
      0.0,
      1.0
    ]
  ],
  "Knee_L": [
    [
      0.9999964833259583,
      0.002084046136587858,
      0.001668349141255021,
      0.0
    ],
    [
      -0.0020840615034103394,
      0.21887408196926117,
      0.9757503271102905,
      0.0
    ],
    [
      0.001668348559178412,
      -0.9757508635520935,
      0.21887759864330292,
      0.0
    ],
    [
      0.0,
      0.0,
      0.0,
      1.0
    ]
  ],
  "KneePart1_L": [
    [
      0.9999964833259583,
      0.0020839853677898645,
      0.0016683017602190375,
      0.0
    ],
    [
      -0.0020840016659349203,
      0.21887396275997162,
      0.9757503271102905,
      0.0
    ],
    [
      0.0016683000139892101,
      -0.9757508635520935,
      0.21887747943401337,
      0.0
    ],
    [
      0.0,
      0.0,
      0.0,
      1.0
    ]
  ],
  "Ankle_L": [
    [
      0.9933694005012512,
      0.03196339309215546,
      0.11043328046798706,
      0.0
    ],
    [
      -0.03196341544389725,
      -0.8459162712097168,
      0.5323559045791626,
      0.0
    ],
    [
      0.11043326556682587,
      -0.5323561429977417,
      -0.839286208152771,
      0.0
    ],
    [
      0.0,
      0.0,
      0.0,
      1.0
    ]
  ],
  "Toes_L": [
    [
      0.9317101836204529,
      0.04312124475836754,
      0.3606336712837219,
      0.0
    ],
    [
      -0.04312138259410858,
      -0.9727706909179688,
      0.2277204692363739,
      0.0
    ],
    [
      0.3606336712837219,
      -0.22772064805030823,
      -0.9044814109802246,
      0.0
    ],
    [
      0.0,
      0.0,
      0.0,
      1.0
    ]
  ],
  "ToesEnd_L": [
    [
      0.9317114949226379,
      0.043120868504047394,
      0.36063021421432495,
      0.0
    ],
    [
      -0.04312104731798172,
      -0.972770631313324,
      0.2277209311723709,
      0.0
    ],
    [
      0.36063021421432495,
      -0.22772112488746643,
      -0.9044826626777649,
      0.0
    ],
    [
      0.0,
      0.0,
      0.0,
      1.0
    ]
  ],
  "Toes_L_scale": [
    [
      -0.6917507648468018,
      0.5565795302391052,
      -0.46010851860046387,
      0.0
    ],
    [
      -0.5565794706344604,
      -0.8168867826461792,
      -0.1513734757900238,
      0.0
    ],
    [
      -0.46010828018188477,
      0.15137431025505066,
      0.8748635053634644,
      0.0
    ],
    [
      0.0,
      0.0,
      0.0,
      1.0
    ]
  ],
  "Heel_L": [
    [
      0.9997572898864746,
      -0.019116424024105072,
      -0.010947137139737606,
      0.0
    ],
    [
      0.01911642774939537,
      0.5059177875518799,
      0.8623691201210022,
      0.0
    ],
    [
      -0.010947085916996002,
      -0.8623696565628052,
      0.5061607360839844,
      0.0
    ],
    [
      0.0,
      0.0,
      0.0,
      1.0
    ]
  ],
  "HeelEnd_L": [
    [
      0.9997572898864746,
      -0.019116410985589027,
      -0.010947070084512234,
      0.0
    ],
    [
      0.019116364419460297,
      0.5059178471565247,
      0.8623690605163574,
      0.0
    ],
    [
      -0.010947106406092644,
      -0.8623695969581604,
      0.5061607956886292,
      0.0
    ],
    [
      0.0,
      0.0,
      0.0,
      1.0
    ]
  ],
  "Heel_L_scale": [
    [
      0.8132370114326477,
      0.4816550016403198,
      -0.3265792429447174,
      0.0
    ],
    [
      -0.48165416717529297,
      0.2421693205833435,
      -0.8422363996505737,
      0.0
    ],
    [
      -0.32658007740974426,
      0.8422365188598633,
      0.42893242835998535,
      0.0
    ],
    [
      0.0,
      0.0,
      0.0,
      1.0
    ]
  ],
  "Ankle_L_scale": [
    [
      0.8063065409660339,
      0.4934500753879547,
      -0.32615453004837036,
      0.0
    ],
    [
      -0.49345070123672485,
      0.25710663199424744,
      -0.830903947353363,
      0.0
    ],
    [
      -0.32615312933921814,
      0.8309049606323242,
      0.4508002698421478,
      0.0
    ],
    [
      0.0,
      0.0,
      0.0,
      1.0
    ]
  ],
  "KneePart1_L_scale": [
    [
      0.9333944320678711,
      0.260452002286911,
      -0.2468584030866623,
      0.0
    ],
    [
      -0.2604507505893707,
      0.018466413021087646,
      -0.9653090238571167,
      0.0
    ],
    [
      -0.24685795605182648,
      0.9653099179267883,
      0.08507218956947327,
      0.0
    ],
    [
      0.0,
      0.0,
      0.0,
      1.0
    ]
  ],
  "Knee_L_scale": [
    [
      0.9684646725654602,
      0.17172841727733612,
      -0.18052515387535095,
      0.0
    ],
    [
      -0.17173419892787933,
      -0.0648922324180603,
      -0.983006477355957,
      0.0
    ],
    [
      -0.18052607774734497,
      0.9830049276351929,
      -0.03335578739643097,
      0.0
    ],
    [
      0.0,
      0.0,
      0.0,
      1.0
    ]
  ],
  "HipPart1_L_scale": [
    [
      0.9842402338981628,
      0.12266738712787628,
      -0.12730085849761963,
      0.0
    ],
    [
      -0.12267272919416428,
      -0.044646959751844406,
      -0.9914410710334778,
      0.0
    ],
    [
      -0.12729914486408234,
      0.9914429783821106,
      -0.028896797448396683,
      0.0
    ],
    [
      0.0,
      0.0,
      0.0,
      1.0
    ]
  ],
  "Hip_L_scale": [
    [
      0.9907575249671936,
      0.09466353058815002,
      -0.09744227677583694,
      0.0
    ],
    [
      -0.09464439004659653,
      -0.03342410549521446,
      -0.9949518442153931,
      0.0
    ],
    [
      -0.09744739532470703,
      0.9949479699134827,
      -0.02415177784860134,
      0.0
    ],
    [
      0.0,
      0.0,
      0.0,
      1.0
    ]
  ],
  "Root_M_scale": [
    [
      1.0,
      0.0,
      0.0,
      0.0
    ],
    [
      0.0,
      -0.040386468172073364,
      -0.9991841316223145,
      0.0
    ],
    [
      0.0,
      0.9991841316223145,
      -0.040386468172073364,
      0.0
    ],
    [
      0.0,
      0.0,
      0.0,
      1.0
    ]
  ],
  "Spine1_M": [
    [
      1.0,
      0.0,
      0.0,
      0.0
    ],
    [
      0.0,
      1.7881393432617188e-07,
      -1.0,
      0.0
    ],
    [
      0.0,
      0.9999999403953552,
      1.7881393432617188e-07,
      0.0
    ],
    [
      0.0,
      0.0,
      0.0,
      1.0
    ]
  ],
  "Spine1_M_scale": [
    [
      1.0,
      0.0,
      0.0,
      0.0
    ],
    [
      0.0,
      -0.03484423831105232,
      -0.9993927478790283,
      0.0
    ],
    [
      0.0,
      0.9993926882743835,
      -0.034844234585762024,
      0.0
    ],
    [
      0.0,
      0.0,
      0.0,
      1.0
    ]
  ],
  "Spine1Part1_M": [
    [
      1.0,
      0.0,
      0.0,
      0.0
    ],
    [
      0.0,
      1.514589484941098e-07,
      -1.0,
      0.0
    ],
    [
      0.0,
      0.9999999403953552,
      1.514589484941098e-07,
      0.0
    ],
    [
      0.0,
      0.0,
      0.0,
      1.0
    ]
  ],
  "Spine1Part1_M_scale": [
    [
      1.0,
      0.0,
      0.0,
      0.0
    ],
    [
      0.0,
      -0.032673101872205734,
      -0.999466061592102,
      0.0
    ],
    [
      0.0,
      0.999466061592102,
      -0.032673098146915436,
      0.0
    ],
    [
      0.0,
      0.0,
      0.0,
      1.0
    ]
  ],
  "Chest_M": [
    [
      1.0,
      0.0,
      0.0,
      0.0
    ],
    [
      0.0,
      0.18288226425647736,
      -0.9831348657608032,
      0.0
    ],
    [
      0.0,
      0.9831348061561584,
      0.18288224935531616,
      0.0
    ],
    [
      0.0,
      0.0,
      0.0,
      1.0
    ]
  ],
  "Scapula_L": [
    [
      0.6036689281463623,
      0.7972351312637329,
      -8.828938007354736e-05,
      0.0
    ],
    [
      -0.7972350716590881,
      0.6036688685417175,
      -0.00017754733562469482,
      0.0
    ],
    [
      -8.824467658996582e-05,
      0.00017746537923812866,
      0.9999998807907104,
      0.0
    ],
    [
      0.0,
      0.0,
      0.0,
      1.0
    ]
  ],
  "Shoulder_L": [
    [
      0.3818512558937073,
      0.7865663766860962,
      0.485286682844162,
      0.0
    ],
    [
      -0.7865663170814514,
      0.000870054995175451,
      0.6175052523612976,
      0.0
    ],
    [
      0.4852865934371948,
      -0.6175052523612976,
      0.6190186738967896,
      0.0
    ],
    [
      0.0,
      0.0,
      0.0,
      1.0
    ]
  ],
  "ShoulderPart1_L": [
    [
      0.3818522095680237,
      0.7865656614303589,
      0.4852871000766754,
      0.0
    ],
    [
      -0.7865656614303589,
      0.0008698573219589889,
      0.6175060868263245,
      0.0
    ],
    [
      0.4852868914604187,
      -0.617506206035614,
      0.6190175414085388,
      0.0
    ],
    [
      0.0,
      0.0,
      0.0,
      1.0
    ]
  ],
  "Elbow_L": [
    [
      0.29893049597740173,
      0.7692908048629761,
      0.5646523833274841,
      0.0
    ],
    [
      -0.7692909240722656,
      -0.1558491587638855,
      0.6195988059043884,
      0.0
    ],
    [
      0.5646522045135498,
      -0.6195988059043884,
      0.5452202558517456,
      0.0
    ],
    [
      0.0,
      0.0,
      0.0,
      1.0
    ]
  ],
  "ElbowPart1_L": [
    [
      0.2989315390586853,
      0.769290566444397,
      0.5646522045135498,
      0.0
    ],
    [
      -0.769290566444397,
      -0.15584857761859894,
      0.6195994019508362,
      0.0
    ],
    [
      0.564652144908905,
      -0.6195992827415466,
      0.5452197790145874,
      0.0
    ],
    [
      0.0,
      0.0,
      0.0,
      1.0
    ]
  ],
  "Wrist_L": [
    [
      0.34106796979904175,
      0.6314008235931396,
      0.6964237689971924,
      0.0
    ],
    [
      -0.6314007639884949,
      -0.3949803113937378,
      0.6673258543014526,
      0.0
    ],
    [
      0.6964235305786133,
      -0.6673258543014526,
      0.26395171880722046,
      0.0
    ],
    [
      0.0,
      0.0,
      0.0,
      1.0
    ]
  ],
  "MiddleFinger1_L": [
    [
      0.7340711355209351,
      0.47599130868911743,
      0.48432663083076477,
      0.0
    ],
    [
      -0.47599121928215027,
      -0.14801444113254547,
      0.8669049739837646,
      0.0
    ],
    [
      0.4843263626098633,
      -0.8669049143791199,
      0.11791454255580902,
      0.0
    ],
    [
      0.0,
      0.0,
      0.0,
      1.0
    ]
  ],
  "MiddleFinger2_L": [
    [
      0.8289088606834412,
      0.3790535032749176,
      0.4113745391368866,
      0.0
    ],
    [
      -0.3790533244609833,
      -0.16020585596561432,
      0.911401629447937,
      0.0
    ],
    [
      0.41137436032295227,
      -0.9114015102386475,
      0.010885484516620636,
      0.0
    ],
    [
      0.0,
      0.0,
      0.0,
      1.0
    ]
  ],
  "MiddleFinger3_L": [
    [
      0.9359583258628845,
      0.2338879257440567,
      0.26320892572402954,
      0.0
    ],
    [
      -0.23388780653476715,
      -0.14581647515296936,
      0.9612669944763184,
      0.0
    ],
    [
      0.2632087171077728,
      -0.9612671136856079,
      -0.0817745178937912,
      0.0
    ],
    [
      0.0,
      0.0,
      0.0,
      1.0
    ]
  ],
  "MiddleFinger4_L": [
    [
      0.9359546303749084,
      0.23389200866222382,
      0.2632185220718384,
      0.0
    ],
    [
      -0.23389187455177307,
      -0.14583633840084076,
      0.9612630009651184,
      0.0
    ],
    [
      0.26321834325790405,
      -0.961263120174408,
      -0.08179064840078354,
      0.0
    ],
    [
      0.0,
      0.0,
      0.0,
      1.0
    ]
  ],
  "MiddleFinger3_L_scale": [
    [
      0.6622660160064697,
      0.5796203017234802,
      -0.4748101532459259,
      0.0
    ],
    [
      -0.5796203017234802,
      -0.005254641175270081,
      -0.8148699998855591,
      0.0
    ],
    [
      -0.4748104214668274,
      0.8148702383041382,
      0.3324795365333557,
      0.0
    ],
    [
      0.0,
      0.0,
      0.0,
      1.0
    ]
  ],
  "MiddleFinger2_L_scale": [
    [
      0.6867861151695251,
      0.5595173239707947,
      -0.46396732330322266,
      0.0
    ],
    [
      -0.559517502784729,
      -0.0004929602146148682,
      -0.8288187384605408,
      0.0
    ],
    [
      -0.4639672338962555,
      0.8288187980651855,
      0.31272080540657043,
      0.0
    ],
    [
      0.0,
      0.0,
      0.0,
      1.0
    ]
  ],
  "MiddleFinger1_L_scale": [
    [
      0.7252925634384155,
      0.5257676839828491,
      -0.4444319009780884,
      0.0
    ],
    [
      -0.5257678627967834,
      0.006275922060012817,
      -0.8506051898002625,
      0.0
    ],
    [
      -0.44443148374557495,
      0.8506054282188416,
      0.28098341822624207,
      0.0
    ],
    [
      0.0,
      0.0,
      0.0,
      1.0
    ]
  ],
  "ThumbFinger1_L": [
    [
      0.7708314061164856,
      0.30680522322654724,
      0.5582917928695679,
      0.0
    ],
    [
      -0.30680525302886963,
      -0.589256763458252,
      0.7474269270896912,
      0.0
    ],
    [
      0.5582915544509888,
      -0.7474269270896912,
      -0.36008816957473755,
      0.0
    ],
    [
      0.0,
      0.0,
      0.0,
      1.0
    ]
  ],
  "ThumbFinger2_L": [
    [
      0.7708369493484497,
      0.306801438331604,
      0.558286190032959,
      0.0
    ],
    [
      -0.30680137872695923,
      -0.589257001876831,
      0.747428297996521,
      0.0
    ],
    [
      0.5582860112190247,
      -0.747428297996521,
      -0.36009398102760315,
      0.0
    ],
    [
      0.0,
      0.0,
      0.0,
      1.0
    ]
  ],
  "ThumbFinger3_L": [
    [
      0.7708377838134766,
      0.3068007230758667,
      0.5582854151725769,
      0.0
    ],
    [
      -0.3068006932735443,
      -0.5892573595046997,
      0.747428297996521,
      0.0
    ],
    [
      0.5582851767539978,
      -0.747428297996521,
      -0.36009517312049866,
      0.0
    ],
    [
      0.0,
      0.0,
      0.0,
      1.0
    ]
  ],
  "ThumbFinger4_L": [
    [
      0.7708209156990051,
      0.30681219696998596,
      0.5583023428916931,
      0.0
    ],
    [
      -0.306812047958374,
      -0.5892570614814758,
      0.7474238872528076,
      0.0
    ],
    [
      0.5583021640777588,
      -0.7474238872528076,
      -0.36007797718048096,
      0.0
    ],
    [
      0.0,
      0.0,
      0.0,
      1.0
    ]
  ],
  "ThumbFinger3_L_scale": [
    [
      0.7198114991188049,
      0.5118733644485474,
      -0.46888938546180725,
      0.0
    ],
    [
      -0.5118731260299683,
      -0.06486444175243378,
      -0.8566086888313293,
      0.0
    ],
    [
      -0.46888941526412964,
      0.8566084504127502,
      0.21532413363456726,
      0.0
    ],
    [
      0.0,
      0.0,
      0.0,
      1.0
    ]
  ],
  "ThumbFinger2_L_scale": [
    [
      0.7437264323234558,
      0.49466609954833984,
      -0.44964051246643066,
      0.0
    ],
    [
      -0.49466627836227417,
      -0.04518174007534981,
      -0.8679077625274658,
      0.0
    ],
    [
      -0.4496401250362396,
      0.8679075837135315,
      0.21109189093112946,
      0.0
    ],
    [
      0.0,
      0.0,
      0.0,
      1.0
    ]
  ],
  "ThumbFinger1_L_scale": [
    [
      0.7849194407463074,
      0.4617576599121094,
      -0.4131363332271576,
      0.0
    ],
    [
      -0.46175768971443176,
      -0.008650299161672592,
      -0.886963963508606,
      0.0
    ],
    [
      -0.4131360948085785,
      0.8869639039039612,
      0.2064303457736969,
      0.0
    ],
    [
      0.0,
      0.0,
      0.0,
      1.0
    ]
  ],
  "IndexFinger1_L": [
    [
      0.7520482540130615,
      0.431618869304657,
      0.49812549352645874,
      0.0
    ],
    [
      -0.43161898851394653,
      -0.2486652433872223,
      0.8671048879623413,
      0.0
    ],
    [
      0.4981251358985901,
      -0.8671048879623413,
      -0.0007133781909942627,
      0.0
    ],
    [
      0.0,
      0.0,
      0.0,
      1.0
    ]
  ],
  "IndexFinger2_L": [
    [
      0.8344471454620361,
      0.34617599844932556,
      0.42878949642181396,
      0.0
    ],
    [
      -0.3461759686470032,
      -0.27613621950149536,
      0.8966108560562134,
      0.0
    ],
    [
      0.428789347410202,
      -0.8966109156608582,
      -0.11058326065540314,
      0.0
    ],
    [
      0.0,
      0.0,
      0.0,
      1.0
    ]
  ],
  "IndexFinger3_L": [
    [
      0.9453425407409668,
      0.19476333260536194,
      0.2615245580673218,
      0.0
    ],
    [
      -0.19476330280303955,
      -0.3059934973716736,
      0.9318987131118774,
      0.0
    ],
    [
      0.2615244388580322,
      -0.9318987131118774,
      -0.25133585929870605,
      0.0
    ],
    [
      0.0,
      0.0,
      0.0,
      1.0
    ]
  ],
  "IndexFinger4_L": [
    [
      0.9453466534614563,
      0.19475819170475006,
      0.2615134119987488,
      0.0
    ],
    [
      -0.19475814700126648,
      -0.30597758293151855,
      0.9319050312042236,
      0.0
    ],
    [
      0.2615133225917816,
      -0.9319049715995789,
      -0.2513241171836853,
      0.0
    ],
    [
      0.0,
      0.0,
      0.0,
      1.0
    ]
  ],
  "IndexFinger3_L_scale": [
    [
      0.6649850010871887,
      0.5682705044746399,
      -0.4846271872520447,
      0.0
    ],
    [
      -0.5682704448699951,
      -0.036068424582481384,
      -0.8220508694648743,
      0.0
    ],
    [
      -0.4846265912055969,
      0.8220504522323608,
      0.29894647002220154,
      0.0
    ],
    [
      0.0,
      0.0,
      0.0,
      1.0
    ]
  ],
  "IndexFinger2_L_scale": [
    [
      0.6880843043327332,
      0.5506000518798828,
      -0.4726305305957794,
      0.0
    ],
    [
      -0.550599992275238,
      -0.028069064021110535,
      -0.8342970609664917,
      0.0
    ],
    [
      -0.47263020277023315,
      0.8342967629432678,
      0.28384676575660706,
      0.0
    ],
    [
      0.0,
      0.0,
      0.0,
      1.0
    ]
  ],
  "IndexFinger1_L_scale": [
    [
      0.7220102548599243,
      0.5225852131843567,
      -0.453438401222229,
      0.0
    ],
    [
      -0.5225850343704224,
      -0.017607644200325012,
      -0.8524054884910583,
      0.0
    ],
    [
      -0.45343852043151855,
      0.8524054288864136,
      0.2603822350502014,
      0.0
    ],
    [
      0.0,
      0.0,
      0.0,
      1.0
    ]
  ],
  "Cup_L": [
    [
      0.4736011028289795,
      0.714900016784668,
      0.5144126415252686,
      0.0
    ],
    [
      -0.7148998975753784,
      -0.02909792959690094,
      0.6986212134361267,
      0.0
    ],
    [
      0.5144124031066895,
      -0.6986213326454163,
      0.4973009526729584,
      0.0
    ],
    [
      0.0,
      0.0,
      0.0,
      1.0
    ]
  ],
  "PinkyFinger1_L": [
    [
      0.8402590751647949,
      0.4082708954811096,
      0.3567631244659424,
      0.0
    ],
    [
      -0.4082706868648529,
      0.04347020387649536,
      0.91182541847229,
      0.0
    ],
    [
      0.3567628860473633,
      -0.91182541847229,
      0.2032112181186676,
      0.0
    ],
    [
      0.0,
      0.0,
      0.0,
      1.0
    ]
  ],
  "PinkyFinger2_L": [
    [
      0.8716762661933899,
      0.35738644003868103,
      0.33534449338912964,
      0.0
    ],
    [
      -0.3573862910270691,
      -0.0046674348413944244,
      0.9339451193809509,
      0.0
    ],
    [
      0.33534419536590576,
      -0.9339451193809509,
      0.1236564964056015,
      0.0
    ],
    [
      0.0,
      0.0,
      0.0,
      1.0
    ]
  ],
  "PinkyFinger3_L": [
    [
      0.98243647813797,
      0.12498392164707184,
      0.13855692744255066,
      0.0
    ],
    [
      -0.12498374283313751,
      -0.11061236262321472,
      0.9859737157821655,
      0.0
    ],
    [
      0.13855668902397156,
      -0.9859736561775208,
      -0.09304855763912201,
      0.0
    ],
    [
      0.0,
      0.0,
      0.0,
      1.0
    ]
  ],
  "PinkyFinger4_L": [
    [
      0.9824361801147461,
      0.12498411536216736,
      0.13855895400047302,
      0.0
    ],
    [
      -0.12498397380113602,
      -0.11062511056661606,
      0.9859722852706909,
      0.0
    ],
    [
      0.13855868577957153,
      -0.9859721660614014,
      -0.09306099265813828,
      0.0
    ],
    [
      0.0,
      0.0,
      0.0,
      1.0
    ]
  ],
  "PinkyFinger3_L_scale": [
    [
      0.6993183493614197,
      0.5631661415100098,
      -0.4402250647544861,
      0.0
    ],
    [
      -0.5631662607192993,
      0.05479022115468979,
      -0.8245252966880798,
      0.0
    ],
    [
      -0.44022488594055176,
      0.8245252370834351,
      0.3554719388484955,
      0.0
    ],
    [
      0.0,
      0.0,
      0.0,
      1.0
    ]
  ],
  "PinkyFinger2_L_scale": [
    [
      0.713834822177887,
      0.5492740273475647,
      -0.43444058299064636,
      0.0
    ],
    [
      -0.5492745041847229,
      0.054292261600494385,
      -0.8338768482208252,
      0.0
    ],
    [
      -0.4344401955604553,
      0.8338769674301147,
      0.34045761823654175,
      0.0
    ],
    [
      0.0,
      0.0,
      0.0,
      1.0
    ]
  ],
  "PinkyFinger1_L_scale": [
    [
      0.7387450933456421,
      0.5241804122924805,
      -0.42366325855255127,
      0.0
    ],
    [
      -0.5241802930831909,
      0.05171319842338562,
      -0.8500353097915649,
      0.0
    ],
    [
      -0.42366304993629456,
      0.8500351905822754,
      0.3129684329032898,
      0.0
    ],
    [
      0.0,
      0.0,
      0.0,
      1.0
    ]
  ],
  "RingFinger1_L": [
    [
      0.8183591365814209,
      0.4114621877670288,
      0.4012327194213867,
      0.0
    ],
    [
      -0.4114620089530945,
      -0.06793628633022308,
      0.9088915586471558,
      0.0
    ],
    [
      0.40123245120048523,
      -0.9088915586471558,
      0.11370471119880676,
      0.0
    ],
    [
      0.0,
      0.0,
      0.0,
      1.0
    ]
  ],
  "RingFinger2_L": [
    [
      0.8794940710067749,
      0.3338329493999481,
      0.33918485045433044,
      0.0
    ],
    [
      -0.33383291959762573,
      -0.07519761472940445,
      0.9396281838417053,
      0.0
    ],
    [
      0.339184433221817,
      -0.9396282434463501,
      0.045308537781238556,
      0.0
    ],
    [
      0.0,
      0.0,
      0.0,
      1.0
    ]
  ],
  "RingFinger3_L": [
    [
      0.9417665004730225,
      0.2261544018983841,
      0.24885909259319305,
      0.0
    ],
    [
      -0.22615432739257812,
      -0.12171750515699387,
      0.9664570689201355,
      0.0
    ],
    [
      0.24885879456996918,
      -0.9664570689201355,
      -0.06348365545272827,
      0.0
    ],
    [
      0.0,
      0.0,
      0.0,
      1.0
    ]
  ],
  "RingFinger4_L": [
    [
      0.9417717456817627,
      0.22614285349845886,
      0.24884982407093048,
      0.0
    ],
    [
      -0.22614268958568573,
      -0.12172883003950119,
      0.9664583802223206,
      0.0
    ],
    [
      0.24884961545467377,
      -0.9664583206176758,
      -0.06350019574165344,
      0.0
    ],
    [
      0.0,
      0.0,
      0.0,
      1.0
    ]
  ],
  "RingFinger3_L_scale": [
    [
      0.6782634258270264,
      0.5747654438018799,
      -0.45782560110092163,
      0.0
    ],
    [
      -0.5747653245925903,
      0.026786446571350098,
      -0.8178799152374268,
      0.0
    ],
    [
      -0.4578254222869873,
      0.8178799748420715,
      0.3485232889652252,
      0.0
    ],
    [
      0.0,
      0.0,
      0.0,
      1.0
    ]
  ],
  "RingFinger2_L_scale": [
    [
      0.6978654861450195,
      0.5574014782905579,
      -0.4497643709182739,
      0.0
    ],
    [
      -0.5574016571044922,
      0.028337225317955017,
      -0.8297594785690308,
      0.0
    ],
    [
      -0.44976407289505005,
      0.8297595977783203,
      0.3304719030857086,
      0.0
    ],
    [
      0.0,
      0.0,
      0.0,
      1.0
    ]
  ],
  "RingFinger1_L_scale": [
    [
      0.7301698923110962,
      0.5273268818855286,
      -0.4344866871833801,
      0.0
    ],
    [
      -0.5273267030715942,
      0.030550062656402588,
      -0.8491130471229553,
      0.0
    ],
    [
      -0.434486448764801,
      0.8491127490997314,
      0.3003806471824646,
      0.0
    ],
    [
      0.0,
      0.0,
      0.0,
      1.0
    ]
  ],
  "Cup_L_scale": [
    [
      0.7708197832107544,
      0.4886685013771057,
      -0.40870577096939087,
      0.0
    ],
    [
      -0.4886685609817505,
      0.04196062684059143,
      -0.8714599609375,
      0.0
    ],
    [
      -0.4087056517601013,
      0.8714599013328552,
      0.27114102244377136,
      0.0
    ],
    [
      0.0,
      0.0,
      0.0,
      1.0
    ]
  ],
  "Wrist_L_scale": [
    [
      0.8034579753875732,
      0.4505597949028015,
      -0.38916781544685364,
      0.0
    ],
    [
      -0.4505600929260254,
      0.03287878632545471,
      -0.8921406269073486,
      0.0
    ],
    [
      -0.38916730880737305,
      0.892140805721283,
      0.22942090034484863,
      0.0
    ],
    [
      0.0,
      0.0,
      0.0,
      1.0
    ]
  ],
  "ElbowPart1_L_scale": [
    [
      0.8762816786766052,
      0.36007463932037354,
      -0.3201201558113098,
      0.0
    ],
    [
      -0.36007487773895264,
      0.04797470569610596,
      -0.9316892623901367,
      0.0
    ],
    [
      -0.3201201260089874,
      0.9316892623901367,
      0.1716930866241455,
      0.0
    ],
    [
      0.0,
      0.0,
      0.0,
      1.0
    ]
  ],
  "Elbow_L_scale": [
    [
      0.9299302697181702,
      0.2727281451225281,
      -0.24667644500732422,
      0.0
    ],
    [
      -0.27272799611091614,
      0.06152111291885376,
      -0.9601224660873413,
      0.0
    ],
    [
      -0.24667657911777496,
      0.9601222276687622,
      0.1315908133983612,
      0.0
    ],
    [
      0.0,
      0.0,
      0.0,
      1.0
    ]
  ],
  "ShoulderPart1_L_scale": [
    [
      0.9670743346214294,
      0.1867375522851944,
      -0.17290572822093964,
      0.0
    ],
    [
      -0.18673770129680634,
      0.0590803325176239,
      -0.9806315898895264,
      0.0
    ],
    [
      -0.17290543019771576,
      0.9806317090988159,
      0.09200620651245117,
      0.0
    ],
    [
      0.0,
      0.0,
      0.0,
      1.0
    ]
  ],
  "Shoulder_L_scale": [
    [
      0.9890199899673462,
      0.10769881308078766,
      -0.10119548439979553,
      0.0
    ],
    [
      -0.10769893229007721,
      0.05637639760971069,
      -0.9925838708877563,
      0.0
    ],
    [
      -0.10119505226612091,
      0.9925836324691772,
      0.06735667586326599,
      0.0
    ],
    [
      0.0,
      0.0,
      0.0,
      1.0
    ]
  ],
  "Scapula_L_scale": [
    [
      0.9982491135597229,
      0.041984427720308304,
      -0.04166506975889206,
      0.0
    ],
    [
      -0.04198474436998367,
      0.006758603733032942,
      -0.9990952610969543,
      0.0
    ],
    [
      -0.04166492074728012,
      0.9990952014923096,
      0.008509558625519276,
      0.0
    ],
    [
      0.0,
      0.0,
      0.0,
      1.0
    ]
  ],
  "Chest_M_scale": [
    [
      1.0,
      0.0,
      0.0,
      0.0
    ],
    [
      0.0,
      -0.030756548047065735,
      -0.9995269179344177,
      0.0
    ],
    [
      0.0,
      0.9995269179344177,
      -0.03075656294822693,
      0.0
    ],
    [
      0.0,
      0.0,
      0.0,
      1.0
    ]
  ],
  "Scapula_R": [
    [
      0.6036689281463623,
      -0.7972351312637329,
      8.828938007354736e-05,
      0.0
    ],
    [
      0.7972350716590881,
      0.6036688685417175,
      -0.00017754733562469482,
      0.0
    ],
    [
      8.824467658996582e-05,
      0.00017746537923812866,
      0.9999998807907104,
      0.0
    ],
    [
      0.0,
      0.0,
      0.0,
      1.0
    ]
  ],
  "Shoulder_R": [
    [
      0.3818512558937073,
      -0.7865663766860962,
      -0.485286682844162,
      0.0
    ],
    [
      0.7865663170814514,
      0.000870054995175451,
      0.6175052523612976,
      0.0
    ],
    [
      -0.4852865934371948,
      -0.6175052523612976,
      0.6190186738967896,
      0.0
    ],
    [
      0.0,
      0.0,
      0.0,
      1.0
    ]
  ],
  "ShoulderPart1_R": [
    [
      0.3818522095680237,
      -0.7865656614303589,
      -0.4852871000766754,
      0.0
    ],
    [
      0.7865656614303589,
      0.0008698573219589889,
      0.6175060868263245,
      0.0
    ],
    [
      -0.4852868914604187,
      -0.617506206035614,
      0.6190175414085388,
      0.0
    ],
    [
      0.0,
      0.0,
      0.0,
      1.0
    ]
  ],
  "Elbow_R": [
    [
      0.29893049597740173,
      -0.7692908048629761,
      -0.5646523833274841,
      0.0
    ],
    [
      0.7692909240722656,
      -0.1558491587638855,
      0.6195988059043884,
      0.0
    ],
    [
      -0.5646522045135498,
      -0.6195988059043884,
      0.5452202558517456,
      0.0
    ],
    [
      0.0,
      0.0,
      0.0,
      1.0
    ]
  ],
  "ElbowPart1_R": [
    [
      0.2989315390586853,
      -0.769290566444397,
      -0.5646522045135498,
      0.0
    ],
    [
      0.769290566444397,
      -0.15584857761859894,
      0.6195994019508362,
      0.0
    ],
    [
      -0.564652144908905,
      -0.6195992827415466,
      0.5452197790145874,
      0.0
    ],
    [
      0.0,
      0.0,
      0.0,
      1.0
    ]
  ],
  "Wrist_R": [
    [
      0.34106796979904175,
      -0.6314008235931396,
      -0.6964237689971924,
      0.0
    ],
    [
      0.6314007639884949,
      -0.3949803113937378,
      0.6673258543014526,
      0.0
    ],
    [
      -0.6964235305786133,
      -0.6673258543014526,
      0.26395171880722046,
      0.0
    ],
    [
      0.0,
      0.0,
      0.0,
      1.0
    ]
  ],
  "MiddleFinger1_R": [
    [
      0.7340713739395142,
      -0.47599148750305176,
      -0.48432600498199463,
      0.0
    ],
    [
      0.4759913682937622,
      -0.14801304042339325,
      0.8669050931930542,
      0.0
    ],
    [
      -0.4843257963657379,
      -0.8669052124023438,
      0.11791566014289856,
      0.0
    ],
    [
      0.0,
      0.0,
      0.0,
      1.0
    ]
  ],
  "MiddleFinger2_R": [
    [
      0.8289108872413635,
      -0.3790520131587982,
      -0.41137176752090454,
      0.0
    ],
    [
